0.00013780593872070312
0.0002377033233642578
0.0007202625274658203
0.0002765655517578125
0.0002770423889160156
0.00030350685119628906
0.0002143383026123047
0.0004057884216308594
0.00017499923706054688
0.00013589859008789062
0.00013637542724609375
0.004080057144165039
0.0036411285400390625
0.0016734600067138672
0.003287076950073242
0.0042569637298583984
0.0020880699157714844
0.001636505126953125
0.004999876022338867
0.002868175506591797
0.0029807090759277344
0.015477180480957031
0.015778064727783203
0.009717941284179688
0.012201547622680664
0.011979103088378906
0.01674199104309082
0.010081768035888672
0.0158388614654541
0.009714603424072266
0.012077569961547852
0.0731821060180664
0.017432212829589844
0.04712843894958496
0.05773663520812988
0.08307838439941406
0.06613826751708984
0.030265092849731445
0.05294656753540039
0.04876446723937988
0.01800060272216797
