0.0007605552673339844
0.0018391609191894531
0.001623392105102539
0.0007104873657226562
0.002050638198852539
0.00080108642578125
0.0030128955841064453
0.0008409023284912109
0.0009660720825195312
0.0008172988891601562
0.0008041858673095703
0.2950444221496582
0.25594139099121094
0.30142784118652344
0.31371045112609863
0.27347397804260254
0.3268704414367676
0.24767136573791504
0.3088877201080322
0.2741529941558838
0.26642894744873047
9.624256372451782
9.013546466827393
9.462271690368652
9.361309051513672
9.522821187973022
9.479356050491333
9.111926078796387
9.150402545928955
8.827410221099854
9.191268920898438
37.80265522003174
37.47317385673523
38.48318648338318
37.09908652305603
37.95554065704346
37.45444703102112
37.22534441947937
37.52377247810364
37.094515562057495
