0.0003387928009033203
0.00021505355834960938
0.0002727508544921875
0.00044989585876464844
0.0005342960357666016
0.0003566741943359375
0.0001342296600341797
0.00031566619873046875
0.0003859996795654297
0.00045752525329589844

0.0056171417236328125
0.0024566650390625
0.0026924610137939453
0.002129077911376953
0.001786947250366211
0.0034856796264648438
0.008976936340332031
0.005232334136962891
0.0017237663269042969
0.002265453338623047

0.012491941452026367
0.017566919326782227
0.020073652267456055
0.013811826705932617
0.01779913902282715
0.020523786544799805
0.014436483383178711
0.022122621536254883
0.017749309539794922
0.011172294616699219

0.08494758605957031
0.09191060066223145
0.09058475494384766
0.0687103271484375
0.08450078964233398
0.022580623626708984
0.11611652374267578
0.05191683769226074
0.03142905235290527
0.023145198822021484

