0.00030422210693359375
0.0003085136413574219
0.00028228759765625
0.000476837158203125
0.0006158351898193359
0.00027179718017578125
0.0004868507385253906
0.0011703968048095703
0.0012407302856445312
0.00028514862060546875

0.06229901313781738
0.08344388008117676
0.08770370483398438
0.022203922271728516
0.025242090225219727
0.03346109390258789
0.02361607551574707
0.026020526885986328
0.03781557083129883
0.023671865463256836

2.118974208831787
2.221652030944824
2.2308170795440674
2.2101919651031494
2.3105673789978027
2.3041720390319824
2.2271945476531982
2.1319143772125244
2.252899646759033
2.1592328548431396

9.290629625320435
9.382669448852539
9.356143712997437
9.497956991195679
9.679360389709473
9.588656902313232
9.640350103378296
10.081170082092285
9.184225797653198
9.232919454574585

