9.107589721679688e-05
0.00026869773864746094
0.00012445449829101562
7.891654968261719e-05
0.0001773834228515625
0.00016999244689941406
0.0002894401550292969
0.0001685619354248047
0.00020265579223632812
0.0002155303955078125

8.082389831542969e-05
0.00010728836059570312
0.0002560615539550781
7.200241088867188e-05
0.0002129077911376953
0.0004947185516357422
0.0004336833953857422
8.726119995117188e-05
0.00011754035949707031
9.322166442871094e-05

9.107589721679688e-05
0.00010156631469726562
0.00010609626770019531
0.0002722740173339844
0.0016791820526123047
9.584426879882812e-05
0.0005376338958740234
9.202957153320312e-05
0.0002124309539794922
0.00018167495727539062

0.0002849102020263672
0.00015282630920410156
0.00011372566223144531
0.00018739700317382812
0.0001366138458251953
0.0002155303955078125
0.0002841949462890625
0.00019931793212890625
0.00012350082397460938
9.512901306152344e-05
