0.004563808441162109
0.0011446475982666016
0.001947164535522461
0.0007748603820800781
0.0030183792114257812
0.00131988525390625
0.0007998943328857422
0.0004391670227050781
0.0012907981872558594
0.00046896934509277344

0.0004417896270751953
0.0007021427154541016
0.07879090309143066
0.09837937355041504
0.06944727897644043
0.07507181167602539
0.08231139183044434
0.15468168258666992
0.13702178001403809
0.11635494232177734
0.10916566848754883
0.07332062721252441

4.294363498687744
4.198477268218994
4.131108045578003
4.134939193725586
4.256907224655151
4.252448797225952
4.201349258422852
4.128062963485718
4.200079917907715
4.145739555358887

16.407394409179688
17.355273246765137
17.02843427658081
17.185647010803223
17.22355341911316
17.094054460525513
16.29132604598999
17.0106098651886
17.164393424987793
17.001217365264893
